    0.070086     0.038402     0.033227     0.042289     0.044802    -0.001347     0.027959     0.037331     0.035718     0.030251     0.024509     0.001261    -0.010312     0.023267     0.013168     0.030321     0.054972     0.016140
    0.038402     0.122246     0.057387     0.039133     0.036065     0.009253     0.033427     0.032315     0.060695     0.050356     0.029025     0.015476     0.002889     0.038379     0.027513     0.048445     0.042944     0.028276
    0.033227     0.057387     0.148477     0.035909     0.033426     0.008035     0.028944     0.028791     0.061266     0.051350     0.027606     0.015088     0.004388     0.033182     0.023662     0.046274     0.040847     0.025086
    0.042289     0.039133     0.035909     0.087890     0.048139     0.005058     0.031453     0.036774     0.037899     0.033456     0.028078     0.010889    -0.001840     0.031670     0.021135     0.036053     0.047994     0.023239
    0.044802     0.036065     0.033426     0.048139     0.171794     0.002294     0.028601     0.040787     0.036680     0.032632     0.025790     0.004890    -0.008171     0.028439     0.018522     0.036034     0.051554     0.019515
   -0.001347     0.009253     0.008035     0.005058     0.002294     0.138631     0.017322     0.005569     0.009097     0.010987     0.031556     0.026565     0.016545     0.021335     0.028265     0.016758     0.004051     0.031945
    0.027959     0.033427     0.028944     0.031453     0.028601     0.017322     0.075754     0.026265     0.030722     0.029528     0.025450     0.021247     0.008581     0.041858     0.031517     0.035089     0.031480     0.033966
    0.037331     0.032315     0.028791     0.036774     0.040787     0.005569     0.026265     0.067237     0.031956     0.027090     0.024722     0.007286    -0.004006     0.024382     0.016989     0.028974     0.042585     0.019235
    0.035718     0.060695     0.061266     0.037899     0.036680     0.009097     0.030722     0.031956     0.117476     0.050966     0.028883     0.013023     0.001815     0.035837     0.023078     0.048008     0.041933     0.024810
    0.030251     0.050356     0.051350     0.033456     0.032632     0.010987     0.029528     0.027090     0.050966     0.088104     0.025877     0.019104     0.009434     0.032506     0.024584     0.042794     0.036278     0.026374
    0.024509     0.029025     0.027606     0.028078     0.025790     0.031556     0.025450     0.024722     0.028883     0.025877     0.064127     0.015839     0.004597     0.024353     0.021737     0.027479     0.031675     0.023900
    0.001261     0.015476     0.015088     0.010889     0.004890     0.026565     0.021247     0.007286     0.013023     0.019104     0.015839     0.075417     0.053742     0.028093     0.032349     0.022213     0.005860     0.030300
   -0.010312     0.002889     0.004388    -0.001840    -0.008171     0.016545     0.008581    -0.004006     0.001815     0.009434     0.004597     0.053742     0.140167     0.013325     0.022185     0.008960    -0.007086     0.018319
    0.023267     0.038379     0.033182     0.031670     0.028439     0.021335     0.041858     0.024382     0.035837     0.032506     0.024353     0.028093     0.013325     0.228532     0.042623     0.041655     0.026119     0.044301
    0.013168     0.027513     0.023662     0.021135     0.018522     0.028265     0.031517     0.016989     0.023078     0.024584     0.021737     0.032349     0.022185     0.042623     0.145506     0.030901     0.017051     0.035652
    0.030321     0.048445     0.046274     0.036053     0.036034     0.016758     0.035089     0.028974     0.048008     0.042794     0.027479     0.022213     0.008960     0.041655     0.030901     0.162561     0.034389     0.032952
    0.054972     0.042944     0.040847     0.047994     0.051554     0.004051     0.031480     0.042585     0.041933     0.036278     0.031675     0.005860    -0.007086     0.026119     0.017051     0.034389     0.122364     0.019287
    0.016140     0.028276     0.025086     0.023239     0.019515     0.031945     0.033966     0.019235     0.024810     0.026374     0.023900     0.030300     0.018319     0.044301     0.035652     0.032952     0.019287     0.095700
