    0.071140     0.038342     0.033117     0.043257     0.046284     0.000138     0.028208     0.038159     0.036000     0.030629     0.025893     0.002203    -0.008924     0.023485     0.013938     0.030941     0.055988     0.016802
    0.038342     0.122315     0.056565     0.039776     0.036810     0.010477     0.033443     0.032526     0.059973     0.050304     0.030109     0.015465     0.003657     0.037899     0.028435     0.048714     0.043260     0.028751
    0.033117     0.056565     0.147936     0.036038     0.033857     0.008564     0.028578     0.028683     0.060632     0.051212     0.027854     0.015340     0.004718     0.033178     0.024084     0.046384     0.039843     0.025030
    0.043257     0.039776     0.036038     0.088571     0.049580     0.007296     0.031688     0.037841     0.038599     0.033984     0.029386     0.012048    -0.000229     0.030952     0.021797     0.036420     0.048638     0.023838
    0.046284     0.036810     0.033857     0.049580     0.175017     0.004079     0.029246     0.042222     0.036995     0.033112     0.027720     0.005946    -0.006964     0.028616     0.019248     0.036324     0.052330     0.020682
    0.000138     0.010477     0.008564     0.007296     0.004079     0.140839     0.017884     0.007575     0.010259     0.012504     0.033340     0.027619     0.017345     0.022637     0.029602     0.017780     0.005251     0.034066
    0.028208     0.033443     0.028578     0.031688     0.029246     0.017884     0.075581     0.026759     0.030920     0.029470     0.025821     0.021404     0.009362     0.041330     0.031536     0.035415     0.031810     0.034061
    0.038159     0.032526     0.028683     0.037841     0.042222     0.007575     0.026759     0.068667     0.032229     0.027537     0.026162     0.007893    -0.002903     0.024417     0.017766     0.029756     0.043730     0.019953
    0.036000     0.059973     0.060632     0.038599     0.036995     0.010259     0.030920     0.032229     0.116961     0.051048     0.030162     0.013757     0.003168     0.035411     0.023921     0.047611     0.043078     0.024828
    0.030629     0.050304     0.051212     0.033984     0.033112     0.012504     0.029470     0.027537     0.051048     0.087876     0.027064     0.019952     0.010100     0.033309     0.025415     0.043310     0.036209     0.027152
    0.025893     0.030109     0.027854     0.029386     0.027720     0.033340     0.025821     0.026162     0.030162     0.027064     0.065756     0.016748     0.006148     0.025028     0.022865     0.029174     0.032398     0.024904
    0.002203     0.015465     0.015340     0.012048     0.005946     0.027619     0.021404     0.007893     0.013757     0.019952     0.016748     0.076763     0.055190     0.027903     0.033148     0.022450     0.006828     0.030629
   -0.008924     0.003657     0.004718    -0.000229    -0.006964     0.017345     0.009362    -0.002903     0.003168     0.010100     0.006148     0.055190     0.142155     0.014759     0.023306     0.010474    -0.005394     0.019474
    0.023485     0.037899     0.033178     0.030952     0.028616     0.022637     0.041330     0.024417     0.035411     0.033309     0.025028     0.027903     0.014759     0.229347     0.042648     0.042119     0.025877     0.044960
    0.013938     0.028435     0.024084     0.021797     0.019248     0.029602     0.031536     0.017766     0.023921     0.025415     0.022865     0.033148     0.023306     0.042648     0.145818     0.031269     0.018034     0.036389
    0.030941     0.048714     0.046384     0.036420     0.036324     0.017780     0.035415     0.029756     0.047611     0.043310     0.029174     0.022450     0.010474     0.042119     0.031269     0.163731     0.034522     0.033484
    0.055988     0.043260     0.039843     0.048638     0.052330     0.005251     0.031810     0.043730     0.043078     0.036209     0.032398     0.006828    -0.005394     0.025877     0.018034     0.034522     0.122628     0.019828
    0.016802     0.028751     0.025030     0.023838     0.020682     0.034066     0.034061     0.019953     0.024828     0.027152     0.024904     0.030629     0.019474     0.044960     0.036389     0.033484     0.019828     0.095181
