Galway ScottishTexel IrishSuffolk NewZealandTexel GermanTexel NewZealandRomney
Galway 0.0 0.19981126198 0.150227948879 0.237193170711 0.132304818957 0.130538983171
ScottishTexel 0.19981126198 0.0 0.251834599633 0.077577025011 0.0526152709128 0.2581427154
IrishSuffolk 0.150227948879 0.251834599633 0.0 0.295954168993 0.193275758305 0.167430137632
NewZealandTexel 0.237193170711 0.077577025011 0.295954168993 0.0 0.0661091714138 0.297313453648
GermanTexel 0.132304818957 0.0526152709128 0.193275758305 0.0661091714138 0.0 0.194303835499
NewZealandRomney 0.130538983171 0.2581427154 0.167430137632 0.297313453648 0.194303835499 0.0
