Galway ScottishTexel IrishSuffolk Soay NewZealandTexel GermanTexel NewZealandRomney
Galway 0.0 0.18760925847 0.153594116388 0.316933721576 0.239116939926 0.124043460202 0.121141657613
ScottishTexel 0.18760925847 0.0 0.251727864293 0.429498712214 0.0915792060797 0.0480655288795 0.242320112719
IrishSuffolk 0.153594116388 0.251727864293 0.0 0.297272478623 0.306764170795 0.193332684605 0.142688203382
Soay 0.316933721576 0.429498712214 0.297272478623 0.0 0.494125073688 0.375755167819 0.296539679995
NewZealandTexel 0.239116939926 0.0915792060797 0.306764170795 0.494125073688 0.0 0.0743951736813 0.301886151927
GermanTexel 0.124043460202 0.0480655288795 0.193332684605 0.375755167819 0.0743951736813 0.0 0.180413786987
NewZealandRomney 0.121141657613 0.242320112719 0.142688203382 0.296539679995 0.301886151927 0.180413786987 0.0
