Galway 0.0 0.125764918146 0.157063823601 0.245383750482 0.121848662456 0.0996722253952 0.121022981145
ScottishTexel 0.125764918146 0.0 0.167550997942 0.250218641575 0.0776525253909 0.0612572295335 0.139132549555
IrishSuffolk 0.157063823601 0.167550997942 0.0 0.243785377848 0.16016694313 0.134981380283 0.143185224495
Soay 0.245383750482 0.250218641575 0.243785377848 0.0 0.241559304594 0.221957596606 0.225389408041
NewZealandTexel 0.121848662456 0.0776525253909 0.16016694313 0.241559304594 0.0 0.0555232958085 0.129115516438
GermanTexel 0.0996722253952 0.0612572295335 0.134981380283 0.221957596606 0.0555232958085 0.0 0.111796767605
NewZealandRomney 0.121022981145 0.139132549555 0.143185224495 0.225389408041 0.129115516438 0.111796767605 0.0
