    0.071158     0.038514     0.033485     0.043429     0.046536     0.000435     0.028404     0.038351     0.036251     0.030751     0.025985     0.002318    -0.008723     0.023672     0.013968     0.031195     0.055932     0.016993
    0.038514     0.122675     0.057046     0.040038     0.037170     0.010837     0.033705     0.032745     0.060239     0.050487     0.030256     0.015659     0.003859     0.038193     0.028638     0.049089     0.043388     0.029071
    0.033485     0.057046     0.148622     0.036470     0.034388     0.009064     0.029023     0.029068     0.061103     0.051651     0.028190     0.015745     0.005075     0.033553     0.024483     0.046894     0.040205     0.025567
    0.043429     0.040038     0.036470     0.088721     0.049958     0.007665     0.031953     0.038013     0.038869     0.034212     0.029455     0.012313    -0.000026     0.031187     0.022075     0.036776     0.048852     0.024232
    0.046536     0.037170     0.034388     0.049958     0.175430     0.004566     0.029584     0.042498     0.037310     0.033401     0.027861     0.006179    -0.006651     0.028851     0.019497     0.036752     0.052580     0.021059
    0.000435     0.010837     0.009064     0.007665     0.004566     0.141355     0.018277     0.007878     0.010690     0.012775     0.033656     0.027901     0.017594     0.023027     0.029912     0.018225     0.005490     0.034482
    0.028404     0.033705     0.029023     0.031953     0.029584     0.018277     0.075851     0.026996     0.031221     0.029715     0.026046     0.021562     0.009565     0.041494     0.031740     0.035695     0.032023     0.034332
    0.038351     0.032745     0.029068     0.038013     0.042498     0.007878     0.026996     0.068835     0.032444     0.027667     0.026214     0.008015    -0.002749     0.024621     0.017959     0.029991     0.043805     0.020212
    0.036251     0.060239     0.061103     0.038869     0.037310     0.010690     0.031221     0.032444     0.117205     0.051274     0.030328     0.013943     0.003437     0.035708     0.024150     0.047839     0.043126     0.025151
    0.030751     0.050487     0.051651     0.034212     0.033401     0.012775     0.029715     0.027667     0.051274     0.088204     0.027229     0.020219     0.010335     0.033548     0.025580     0.043648     0.036287     0.027428
    0.025985     0.030256     0.028190     0.029455     0.027861     0.033656     0.026046     0.026214     0.030328     0.027229     0.065797     0.016875     0.006208     0.025177     0.023011     0.029352     0.032405     0.025182
    0.002318     0.015659     0.015745     0.012313     0.006179     0.027901     0.021562     0.008015     0.013943     0.020219     0.016875     0.076902     0.055352     0.028122     0.033283     0.022726     0.006842     0.030964
   -0.008723     0.003859     0.005075    -0.000026    -0.006651     0.017594     0.009565    -0.002749     0.003437     0.010335     0.006208     0.055352     0.142234     0.014974     0.023518     0.010755    -0.005328     0.019719
    0.023672     0.038193     0.033553     0.031187     0.028851     0.023027     0.041494     0.024621     0.035708     0.033548     0.025177     0.028122     0.014974     0.229479     0.042827     0.042436     0.025979     0.045187
    0.013968     0.028638     0.024483     0.022075     0.019497     0.029912     0.031740     0.017959     0.024150     0.025580     0.023011     0.033283     0.023518     0.042827     0.145913     0.031581     0.018082     0.036718
    0.031195     0.049089     0.046894     0.036776     0.036752     0.018225     0.035695     0.029991     0.047839     0.043648     0.029352     0.022726     0.010755     0.042436     0.031581     0.164163     0.034696     0.033855
    0.055932     0.043388     0.040205     0.048852     0.052580     0.005490     0.032023     0.043805     0.043126     0.036287     0.032405     0.006842    -0.005328     0.025979     0.018082     0.034696     0.122558     0.019958
    0.016993     0.029071     0.025567     0.024232     0.021059     0.034482     0.034332     0.020212     0.025151     0.027428     0.025182     0.030964     0.019719     0.045187     0.036718     0.033855     0.019958     0.095641
